Units: Ratio
Ref Chan:Resp Chan	0-Z:0-Z
Channel Name	I1 : I2
Channel Comment	 : 

Frequency	 Real	 Imaginary

Units:
Hz	V / V	 
0.0000000000000e+000	       -12.56261	               0
1.2500000000000e+000	      0.01990403	       0.4493894
2.5000000000000e+000	     -0.04388042	       0.2149808
3.7500000000000e+000	     -0.06431957	       0.1197464
5.0000000000000e+000	     -0.06606535	      0.08057363
6.2500000000000e+000	     -0.06556368	        0.050582
7.5000000000000e+000	     -0.07121558	      0.03301186
8.7500000000000e+000	     -0.06376331	      0.01830954
1.0000000000000e+001	     -0.06141102	     0.006111695
1.1250000000000e+001	     -0.05920452	    -0.002675022
1.2500000000000e+001	     -0.05233178	    -0.007714053
1.3750000000000e+001	     -0.04745611	     -0.01423737
1.5000000000000e+001	     -0.04297272	      -0.0209755
1.6250000000000e+001	     -0.03878215	     -0.02288811
1.7500000000000e+001	     -0.03388298	     -0.02672026
1.8750000000000e+001	     -0.03143844	     -0.02686153
2.0000000000000e+001	     -0.02501543	     -0.02696525
2.1250000000000e+001	     -0.02231247	     -0.02849773
2.2500000000000e+001	      -0.0199945	      -0.0292939
2.3750000000000e+001	     -0.01728402	     -0.02898592
2.5000000000000e+001	     -0.01308783	     -0.02849915
2.6250000000000e+001	     -0.01196359	     -0.02817505
2.7500000000000e+001	    -0.009788942	     -0.02631069
2.8750000000000e+001	    -0.008532876	      -0.0252782
3.0000000000000e+001	     -0.01223812	     -0.01956573
3.1250000000000e+001	      0.01148674	     -0.02036775
3.2500000000000e+001	     0.008841308	     -0.02305001
3.3750000000000e+001	      0.00877203	      -0.0209087
3.5000000000000e+001	      0.01015215	     -0.01927903
3.6250000000000e+001	      0.01078012	     -0.01720161
3.7500000000000e+001	      0.01189572	     -0.01414087
3.8750000000000e+001	      0.01082972	     -0.01250178
4.0000000000000e+001	      0.01024939	    -0.009840809
4.1250000000000e+001	     0.009700147	    -0.005516095
4.2500000000000e+001	     0.009094529	    -0.003005713
4.3750000000000e+001	     0.008539147	    0.0004495129
4.5000000000000e+001	     0.007939938	     0.003757467
4.6250000000000e+001	     0.007491316	     0.004805794
4.7500000000000e+001	     0.005130198	     0.007329472
4.8750000000000e+001	     0.003570671	     0.008188966
5.0000000000000e+001	   -0.0005859293	      0.01100442
5.1250000000000e+001	    -0.001162356	      0.01080121
5.2500000000000e+001	    -0.004863339	      0.01163913
5.3750000000000e+001	    -0.008901721	      0.01245056
5.5000000000000e+001	     -0.01375086	      0.01326263
5.6250000000000e+001	     -0.01985158	       0.0141634
5.7500000000000e+001	     -0.03038125	      0.01678436
5.8750000000000e+001	     -0.05110679	      0.02577244
6.0000000000000e+001	      -0.1024655	       0.1059614
6.1250000000000e+001	      0.09874398	      0.05895403
6.2500000000000e+001	      0.04182346	      0.01619434
6.3750000000000e+001	      0.02347176	       0.0106627
6.5000000000000e+001	      0.01592715	     0.007790497
6.6250000000000e+001	        0.010325	      0.00601428
6.7500000000000e+001	     0.007431085	     0.004875311
6.8750000000000e+001	     0.004767447	     0.002652983
7.0000000000000e+001	     0.002231863	     0.002738497
7.1250000000000e+001	     0.001428601	    0.0007507898
7.2500000000000e+001	     0.001086602	   -0.0003035035
7.3750000000000e+001	     0.001007374	     -0.00228161
7.5000000000000e+001	    0.0003176725	    -0.002844403
7.6250000000000e+001	    0.0009315927	    -0.003699378
7.7500000000000e+001	    0.0003975302	    -0.005013421
7.8750000000000e+001	      0.00160449	    -0.005852779
8.0000000000000e+001	     0.001898493	    -0.006207747
8.1250000000000e+001	     0.003274034	    -0.006377839
8.2500000000000e+001	     0.004087939	    -0.007105808
8.3750000000000e+001	     0.004427098	    -0.007781709
8.5000000000000e+001	     0.005215926	    -0.007104718
8.6250000000000e+001	     0.005867086	    -0.006854591
8.7500000000000e+001	     0.006554845	    -0.007511601
8.8750000000000e+001	     0.007738042	    -0.007171993
9.0000000000000e+001	     0.007713221	    -0.007340003
9.1250000000000e+001	     0.007504827	    -0.007072117
9.2500000000000e+001	      0.00794617	    -0.005729583
9.3750000000000e+001	     0.007518643	    -0.006836655
9.5000000000000e+001	     0.007737675	    -0.006560518
9.6250000000000e+001	     0.007382658	    -0.007727777
9.7500000000000e+001	     0.006063502	    -0.008667274
9.8750000000000e+001	     0.002135957	     -0.01526506
1.0000000000000e+002	     -0.09079012	    -0.007832219
1.0125000000000e+002	      0.01409692	      0.01763321
1.0250000000000e+002	      0.01221503	     0.008403149
1.0375000000000e+002	      0.01005649	     0.005636664
1.0500000000000e+002	      0.00915301	     0.004615003
1.0625000000000e+002	     0.008397099	       0.0045033
1.0750000000000e+002	     0.007292697	     0.003533987
1.0875000000000e+002	     0.006391315	     0.003890753
1.1000000000000e+002	     0.005817458	     0.004076651
1.1125000000000e+002	     0.005419516	     0.003608157
1.1250000000000e+002	     0.004351622	      0.00318231
1.1375000000000e+002	     0.003201767	     0.003196549
1.1500000000000e+002	     0.002560931	     0.002781032
1.1625000000000e+002	      0.00167464	     0.002088653
1.1750000000000e+002	    0.0005528082	     0.002341688
1.1875000000000e+002	    0.0001945644	     0.001489393
1.2000000000000e+002	    -0.000358265	    0.0009535844
1.2125000000000e+002	   -0.0007772197	    0.0001320923
1.2250000000000e+002	    -0.001958959	   4.744616e-005
1.2375000000000e+002	   1.457083e-006	   -0.0008571346
1.2500000000000e+002	     -0.00067412	    -0.001877953
1.2625000000000e+002	   2.680165e-005	    -0.002166389
1.2750000000000e+002	   -0.0002937481	    -0.003901346
1.2875000000000e+002	     -0.00022912	    -0.004103064
1.3000000000000e+002	   -0.0002271988	    -0.004681313
1.3125000000000e+002	      0.00142652	    -0.005885558
1.3250000000000e+002	     0.001657542	    -0.006280815
1.3375000000000e+002	     0.002495756	     -0.00720256
1.3500000000000e+002	     0.002999827	    -0.008113536
1.3625000000000e+002	     0.003307511	    -0.009089336
1.3750000000000e+002	      0.00322812	     -0.01177382
1.3875000000000e+002	     0.002127429	      -0.0141386
1.4000000000000e+002	    -0.006872876	     -0.01775999
1.4125000000000e+002	     -0.01387805	    0.0003566149
1.4250000000000e+002	   -0.0005258885	     0.004411357
1.4375000000000e+002	     0.003370987	     0.002466708
1.4500000000000e+002	      0.00618319	    0.0008510376
1.4625000000000e+002	      0.00702656	    0.0009137971
1.4750000000000e+002	     0.008290854	     0.000263867
1.4875000000000e+002	     0.007741488	    0.0003297253
1.5000000000000e+002	     0.008353053	      0.01367419
1.5125000000000e+002	      0.01565094	    -0.003259943
1.5250000000000e+002	      0.01342242	    -0.002241495
1.5375000000000e+002	      0.01290515	    -0.002446808
1.5500000000000e+002	      0.01128179	    -0.002731767
1.5625000000000e+002	       0.0108017	    -0.001879027
1.5750000000000e+002	      0.01050474	   -0.0005100055
1.5875000000000e+002	     0.009997953	    0.0001965061
1.6000000000000e+002	      0.01009922	     0.000901394
1.6125000000000e+002	     0.009799041	     0.001863372
1.6250000000000e+002	     0.009955394	     0.002300774
1.6375000000000e+002	      0.01014056	     0.002487848
1.6500000000000e+002	     0.009187222	     0.002070572
1.6625000000000e+002	     0.008700621	      0.00253611
1.6750000000000e+002	     0.009051715	      0.00274501
1.6875000000000e+002	     0.008769048	     0.003044829
1.7000000000000e+002	       0.0102464	     0.002596185
1.7125000000000e+002	      0.01113395	     0.001434261
1.7250000000000e+002	      0.01208155	   -0.0001015894
1.7375000000000e+002	      0.01450227	    -0.002997599
1.7500000000000e+002	      0.01753358	     -0.01028957
1.7625000000000e+002	     0.005500944	     -0.03230094
1.7750000000000e+002	      -0.0178749	    -0.004086819
1.7875000000000e+002	    -0.006696332	      0.00111278
1.8000000000000e+002	    -0.002559964	     0.002143815
1.8125000000000e+002	    0.0004081517	    0.0007530616
1.8250000000000e+002	     0.001645333	    0.0007377762
1.8375000000000e+002	     0.002805213	   -0.0004956102
1.8500000000000e+002	     0.004824604	    -0.000726234
1.8625000000000e+002	      0.00608757	    -0.001993803
1.8750000000000e+002	     0.007561027	    -0.003104894
1.8875000000000e+002	     0.008630098	    -0.003197105
1.9000000000000e+002	      0.01028892	     -0.00427543
1.9125000000000e+002	      0.01217073	    -0.005489515
1.9250000000000e+002	      0.01363734	    -0.005633481
1.9375000000000e+002	        0.015852	     -0.00673394
1.9500000000000e+002	       0.0182638	    -0.007260517
1.9625000000000e+002	      0.02020246	    -0.007587277
1.9750000000000e+002	      0.02298562	    -0.008264076
1.9875000000000e+002	      0.02628544	    -0.008430316
2.0000000000000e+002	      0.04005815	    -0.002061383
2.0125000000000e+002	      0.03768082	     -0.01769418
2.0250000000000e+002	      0.04449692	     -0.02040667
2.0375000000000e+002	      0.05561364	     -0.02667626
2.0500000000000e+002	      0.07352101	      -0.0436124
2.0625000000000e+002	      0.09404273	     -0.09269368
2.0750000000000e+002	      0.03069001	      -0.2029516
2.0875000000000e+002	       -0.127508	      -0.1179811
2.1000000000000e+002	     -0.08774615	     -0.02745154
2.1125000000000e+002	     -0.05871992	     -0.01159427
2.1250000000000e+002	      -0.0439453	    -0.006129596
2.1375000000000e+002	     -0.03499345	    -0.003605834
2.1500000000000e+002	     -0.02852872	    -0.001641872
2.1625000000000e+002	     -0.02470751	   -0.0007864542
2.1750000000000e+002	     -0.02163115	   2.701214e-005
2.1875000000000e+002	     -0.01832705	    0.0003235339
2.2000000000000e+002	     -0.01796824	    0.0007468243
2.2125000000000e+002	     -0.01656219	     0.001748135
2.2250000000000e+002	     -0.01529612	     0.001933956
2.2375000000000e+002	     -0.01525952	     0.001873704
2.2500000000000e+002	     -0.01435558	     0.003070341
2.2625000000000e+002	     -0.01461022	     0.002496546
2.2750000000000e+002	     -0.01366375	      0.00332145
2.2875000000000e+002	     -0.01294257	     0.002794407
2.3000000000000e+002	      -0.0134817	     0.002775859
2.3125000000000e+002	     -0.01294703	      0.00218696
2.3250000000000e+002	     -0.01321358	     0.002235869
2.3375000000000e+002	     -0.01332769	     0.002322609
2.3500000000000e+002	     -0.01305757	     0.001839784
2.3625000000000e+002	     -0.01232563	     0.001763828
2.3750000000000e+002	     -0.01244787	   2.660577e-005
2.3875000000000e+002	     -0.01272504	    0.0003812405
2.4000000000000e+002	     -0.01200108	    0.0004300602
2.4125000000000e+002	     -0.01194936	   -0.0001187708
2.4250000000000e+002	     -0.01160487	    -0.001444181
2.4375000000000e+002	       -0.011766	    -0.001045156
2.4500000000000e+002	     -0.01131783	    -0.001809211
2.4625000000000e+002	     -0.01152174	    -0.001912776
2.4750000000000e+002	     -0.01057747	    -0.002504515
2.4875000000000e+002	     -0.01236574	    -0.002883117
2.5000000000000e+002	     -0.02084698	       0.0026569
2.5125000000000e+002	     -0.00451479	   -0.0008060382
2.5250000000000e+002	    -0.005520328	    -0.001918511
2.5375000000000e+002	    -0.006450362	    -0.002340683
2.5500000000000e+002	    -0.006266495	    -0.003397776
2.5625000000000e+002	    -0.006723871	    -0.002047747
2.5750000000000e+002	    -0.005196974	    -0.001826741
2.5875000000000e+002	    -0.005310641	    -0.003305988
2.6000000000000e+002	     -0.00467308	    -0.002344422
2.6125000000000e+002	    -0.004627578	    -0.002083498
2.6250000000000e+002	    -0.003659642	    -0.001923446
2.6375000000000e+002	    -0.003857177	   -0.0009047005
2.6500000000000e+002	    -0.002987814	   -0.0009664945
2.6625000000000e+002	     -0.00329698	    -0.000710575
2.6750000000000e+002	    -0.003159161	   -0.0006087403
2.6875000000000e+002	    -0.003661707	   -0.0006131096
2.7000000000000e+002	    -0.002480801	   -0.0007765035
2.7125000000000e+002	    -0.003265332	   -0.0001695543
2.7250000000000e+002	    -0.003202598	    0.0006261108
2.7375000000000e+002	    -0.004024156	     0.001347336
2.7500000000000e+002	    -0.003601934	     0.001143409
2.7625000000000e+002	     -0.00397768	     0.001487555
2.7750000000000e+002	    -0.004272327	     0.002259826
2.7875000000000e+002	    -0.004864461	     0.001911771
2.8000000000000e+002	    -0.005006823	     0.002153901
2.8125000000000e+002	    -0.005545745	     0.002958622
2.8250000000000e+002	    -0.005603192	      0.00203402
2.8375000000000e+002	    -0.006035122	     0.002274597
2.8500000000000e+002	    -0.006768492	     0.002211185
2.8625000000000e+002	    -0.006643516	     0.001560784
2.8750000000000e+002	    -0.007127494	     0.002021056
2.8875000000000e+002	    -0.007315135	     0.001609911
2.9000000000000e+002	    -0.007370785	    0.0007107949
2.9125000000000e+002	    -0.008788709	    0.0009048344
2.9250000000000e+002	    -0.008308992	    0.0003956112
2.9375000000000e+002	    -0.008624734	   5.030485e-005
2.9500000000000e+002	    -0.008907121	    0.0006279706
2.9625000000000e+002	    -0.008505257	   -0.0009652359
2.9750000000000e+002	    -0.009286603	   -0.0006646105
2.9875000000000e+002	    -0.008868043	    -0.001049443
3.0000000000000e+002	     -0.01090094	    -0.002321031
3.0125000000000e+002	    -0.008627936	    -0.000459801
3.0250000000000e+002	    -0.009238808	    -0.001379905
3.0375000000000e+002	    -0.008245791	    -0.001488401
3.0500000000000e+002	    -0.008980433	    -0.002235995
3.0625000000000e+002	    -0.009235173	    -0.001573581
3.0750000000000e+002	    -0.007445825	    -0.001731608
3.0875000000000e+002	    -0.007789801	    -0.003253556
3.1000000000000e+002	    -0.007409751	     -0.00269606
3.1125000000000e+002	    -0.007719464	    -0.001960003
3.1250000000000e+002	    -0.006763164	    -0.001641976
3.1375000000000e+002	    -0.006961687	    -0.002117243
3.1500000000000e+002	    -0.006170443	    -0.002489476
3.1625000000000e+002	    -0.006632048	    -0.002554526
3.1750000000000e+002	    -0.006035981	    -0.002483065
3.1875000000000e+002	    -0.006375046	     -0.00122858
3.2000000000000e+002	     -0.00551789	    -0.001366983
3.2125000000000e+002	    -0.005676231	    -0.001528275
3.2250000000000e+002	     -0.00701749	   -0.0005088159
3.2375000000000e+002	    -0.005746714	   -0.0003572438
3.2500000000000e+002	    -0.005426399	    0.0005237325
3.2625000000000e+002	    -0.006370869	     0.001011102
3.2750000000000e+002	    -0.006395804	     0.001229714
3.2875000000000e+002	    -0.006670858	     0.001974022
3.3000000000000e+002	    -0.006432431	      0.00175207
3.3125000000000e+002	    -0.006274169	     0.001700846
3.3250000000000e+002	    -0.007107062	     0.001579624
3.3375000000000e+002	    -0.007371637	     0.002375955
3.3500000000000e+002	    -0.008174486	     0.002164797
3.3625000000000e+002	    -0.007636583	     0.002728677
3.3750000000000e+002	    -0.007768904	     0.002794424
3.3875000000000e+002	    -0.009307014	     0.002197455
3.4000000000000e+002	     -0.01035523	     0.002714271
3.4125000000000e+002	    -0.009815076	     0.002520927
3.4250000000000e+002	     -0.01076091	     0.001972304
3.4375000000000e+002	     -0.01233526	     0.002509105
3.4500000000000e+002	     -0.01297231	     0.002379835
3.4625000000000e+002	     -0.01331155	     0.002349189
3.4750000000000e+002	     -0.01461657	     0.001943978
3.4875000000000e+002	      -0.0155518	     0.001639264
3.5000000000000e+002	      -0.0208987	     0.001700595
3.5125000000000e+002	     -0.01484043	     0.005487865
3.5250000000000e+002	     -0.01578034	     0.003801838
3.5375000000000e+002	     -0.01717913	     0.002264405
3.5500000000000e+002	     -0.01860514	     0.003446204
3.5625000000000e+002	     -0.02095884	      0.00412605
3.5750000000000e+002	     -0.02189624	     0.005530534
3.5875000000000e+002	     -0.02485978	     0.007015126
3.6000000000000e+002	     -0.02660051	       0.0107074
3.6125000000000e+002	      -0.0289203	      0.01568702
3.6250000000000e+002	      -0.0307543	      0.02422175
3.6375000000000e+002	     -0.02678668	      0.03999679
3.6500000000000e+002	      -0.0044624	      0.05738107
3.6625000000000e+002	      0.03229411	      0.03775772
3.6750000000000e+002	      0.02469884	     0.007921241
3.6875000000000e+002	      0.01495455	     0.003170727
3.7000000000000e+002	      0.01075568	       0.0018947
3.7125000000000e+002	     0.007378416	  -4.348301e-005
3.7250000000000e+002	     0.005699499	  -1.947157e-005
3.7375000000000e+002	     0.004651175	   -0.0009016938
3.7500000000000e+002	     0.003000455	    -0.001112269
3.7625000000000e+002	     0.001611212	    -0.001968051
3.7750000000000e+002	    0.0007864918	    -0.002353727
3.7875000000000e+002	   -0.0006331737	    -0.002225768
3.8000000000000e+002	      -0.0011953	    -0.001984973
3.8125000000000e+002	    -0.001522594	    -0.002010342
3.8250000000000e+002	    -0.002197365	    -0.002347304
3.8375000000000e+002	    -0.003020605	    -0.001415693
3.8500000000000e+002	    -0.003821183	    -0.001508607
3.8625000000000e+002	    -0.004187882	   -0.0006840724
3.8750000000000e+002	    -0.003860309	   -0.0006417356
3.8875000000000e+002	    -0.004464875	    -0.001772924
3.9000000000000e+002	    -0.006203129	    -0.001913533
3.9125000000000e+002	     -0.00700031	      -0.0017278
3.9250000000000e+002	    -0.007613507	    -0.001704086
3.9375000000000e+002	    -0.007658287	    -0.001882117
3.9500000000000e+002	    -0.008730348	    -0.003440272
3.9625000000000e+002	      -0.0106314	    -0.003367319
3.9750000000000e+002	     -0.01087666	    -0.004399594
3.9875000000000e+002	     -0.01446287	    -0.005371518
4.0000000000000e+002	     -0.01897904	    -0.004925736
4.0125000000000e+002	     -0.02462103	   5.802505e-005
4.0250000000000e+002	     -0.02080885	     0.006597999
4.0375000000000e+002	      -0.0174239	     0.005155399
4.0500000000000e+002	     -0.01820367	     0.003776069
4.0625000000000e+002	     -0.01817578	     0.007563348
4.0750000000000e+002	     -0.01454205	     0.006262482
4.0875000000000e+002	     -0.01389188	     0.004555819
4.1000000000000e+002	     -0.01522319	     0.002325707
4.1125000000000e+002	     -0.01548697	     0.002326638
4.1250000000000e+002	     -0.01683637	     0.001253663
4.1375000000000e+002	     -0.01804811	    0.0004187977
4.1500000000000e+002	     -0.01877615	    0.0005893532
4.1625000000000e+002	     -0.01956268	    0.0005527729
4.1750000000000e+002	     -0.02088831	   -0.0006579965
4.1875000000000e+002	     -0.02223304	   -0.0007360227
4.2000000000000e+002	     -0.02395499	   -0.0008337501
4.2125000000000e+002	     -0.02527778	    0.0002140756
4.2250000000000e+002	     -0.02616461	    0.0007291834
4.2375000000000e+002	     -0.02628853	    0.0002175601
4.2500000000000e+002	     -0.02828698	    0.0005415055
4.2625000000000e+002	     -0.02951222	     0.002136236
4.2750000000000e+002	     -0.02779739	     0.002743205
4.2875000000000e+002	     -0.02969498	    0.0009973834
4.3000000000000e+002	     -0.03145639	     0.001852827
4.3125000000000e+002	     -0.03232732	     0.002151657
4.3250000000000e+002	     -0.03319438	     0.003279927
4.3375000000000e+002	      -0.0343782	     0.003388203
4.3500000000000e+002	     -0.03493608	     0.003326868
4.3625000000000e+002	     -0.03723052	     0.002316602
4.3750000000000e+002	     -0.03898941	     0.003339973
4.3875000000000e+002	      -0.0398614	     0.003036968
4.4000000000000e+002	     -0.04367577	     0.003329799
4.4125000000000e+002	     -0.04421381	     0.003321034
4.4250000000000e+002	     -0.04555248	     0.001764431
4.4375000000000e+002	     -0.05034301	      0.00041202
4.4500000000000e+002	     -0.05484753	   -0.0008591094
4.4625000000000e+002	      -0.0597072	     0.000940001
4.4750000000000e+002	     -0.06308302	    0.0005766909
4.4875000000000e+002	     -0.06719048	    0.0007109336
4.5000000000000e+002	     -0.07376964	    -0.002650172
4.5125000000000e+002	     -0.07969522	  -6.067177e-005
4.5250000000000e+002	     -0.08814912	    -0.002187658
4.5375000000000e+002	      -0.1007591	    -0.003332025
4.5500000000000e+002	      -0.1130843	    -0.003465959
4.5625000000000e+002	      -0.1303477	    -0.003037834
4.5750000000000e+002	      -0.1503705	    -0.004159852
4.5875000000000e+002	      -0.1815906	    -0.008635701
4.6000000000000e+002	      -0.2358995	      0.00615475
4.6125000000000e+002	      -0.2937395	      0.01695261
4.6250000000000e+002	      -0.3990132	      0.04322128
4.6375000000000e+002	      -0.6042284	       0.1313189
4.6500000000000e+002	       -1.034789	       0.5644456
4.6625000000000e+002	     0.008032241	        2.503857
4.6750000000000e+002	        1.016781	       0.3800299
4.6875000000000e+002	       0.5911937	       0.1062978
4.7000000000000e+002	       0.4143728	       0.0419266
4.7125000000000e+002	        0.320172	      0.01671349
4.7250000000000e+002	       0.2513905	     0.007526794
4.7375000000000e+002	       0.2229965	      0.01428532
4.7500000000000e+002	        0.197327	     0.006610532
4.7625000000000e+002	       0.1768812	     0.003621801
4.7750000000000e+002	       0.1607056	      0.00121794
4.7875000000000e+002	       0.1469963	    0.0005520698
4.8000000000000e+002	       0.1365683	   -0.0003994217
4.8125000000000e+002	       0.1261358	    -0.001444778
4.8250000000000e+002	       0.1164882	   -0.0006693279
4.8375000000000e+002	       0.1105097	     0.001651508
4.8500000000000e+002	       0.1065044	     0.001667077
4.8625000000000e+002	       0.1013909	     0.001211079
4.8750000000000e+002	      0.09694557	     0.001140009
4.8875000000000e+002	      0.09142304	     0.002838366
4.9000000000000e+002	      0.08861917	     0.004123782
4.9125000000000e+002	      0.08587757	     0.005014145
4.9250000000000e+002	      0.08329228	     0.004967071
4.9375000000000e+002	       0.0804912	     0.005218179
4.9500000000000e+002	      0.07860277	     0.005976418
4.9625000000000e+002	      0.07606021	     0.006444054
4.9750000000000e+002	      0.07494055	     0.005305805
4.9875000000000e+002	      0.07229117	     0.005785349
5.0000000000000e+002	      0.06929936	     0.006945529
